x = 9
1 1 8 1 2 7 1 3 5 3 3 3

----------------------------------------
n = 9
x = 23
1 2 3 4 4 7 9 10 11

1
2
3 4 4 7 9 10 11
MS=3

1 2
3
4 4 7 9 10 11
potential MS: 5
start: 23 - 14 = 9
until: 23 - 7 =  16

1 2 3
4
4 7 9 10 11

-------- can we skip to?
1 2 3 4 7
9
10 11
pre MS: 11
MS: 

before that (above):
1 2 3 4
7
9 10 11
pre MS: 11
MS: 
23 - 11 = 12

----------------------------------------

x = 25
1 2 3 4 5 6 7 8 9
max = 24

1
2
3 4 5 6 7 8 9
start: 25 - 11 = 14
until: 25 - 5  = 20

1 2
3
